16.515000  18.999747
16.525000  18.999811
16.535000  18.999998
16.545000  19.000144
16.555000  19.000210
16.565000  19.000123
16.575000  18.999957
16.585000  19.000135
16.595000  19.000278
16.605000  19.000015
16.615000  19.000250
16.625000  19.000171
16.635000  19.000118
16.645000  19.000206
16.655000  19.000132
16.665000  19.000037
16.675000  19.000003
16.685000  19.000118
16.695000  19.000117
16.705000  19.000182
16.715000  18.999879
16.725000  19.000118
16.735000  19.000023
16.745000  19.000059
16.755000  18.999931
16.765000  19.000067
16.775000  19.000070
16.785000  18.999807
16.795000  18.999810
16.805000  18.999607
16.815000  18.999790
16.825000  18.999857
16.835000  18.999752
16.845000  18.999865
16.855000  19.000061
16.865000  19.000092
16.875000  18.999706
16.885000  18.999796
16.895000  18.999791
16.905000  19.000015
16.915000  19.000182
16.925000  18.999931
16.935000  18.999820
16.945000  19.000085
16.955000  19.000091
16.965000  19.000148
16.975000  19.000345
16.985000  19.000440
16.995000  19.000113
17.005000  19.000050
17.015000  19.000238
17.025000  18.999960
17.035000  19.000166
17.045000  19.000058
17.055000  18.999995
17.065000  18.999862
17.075000  18.999340
17.085000  18.999503
17.095000  18.999607
17.105000  19.000061
17.115000  19.000116
17.125000  19.000061
17.135000  18.999530
17.145000  18.999679
17.155000  18.999833
17.165000  18.999570
17.175000  18.999737
17.185000  18.999965
17.195000  18.999989
17.205000  19.000189
17.215000  18.999815
17.225000  18.999497
17.235000  18.999951
17.245000  18.999841
17.255000  19.000243
17.265000  19.000059
17.275000  18.999903
17.285000  18.999996
17.295000  18.999757
17.305000  18.999797
17.315000  18.999785
17.325000  18.999973
17.335000  19.000188
17.345000  19.000096
17.355000  19.000157
17.365000  19.000045
17.375000  19.000386
17.385000  19.000440
17.395000  19.000574
17.405000  19.000140
17.415000  19.000165
17.425000  19.000065
17.435000  18.999895
17.445000  18.999741
17.455000  19.000110
17.465000  18.999864
17.475000  19.000005
17.485000  19.000253
17.495000  19.000093
17.505000  18.999693
17.515000  18.999876
17.525000  19.000428
17.535000  19.000244
17.545000  19.000277
17.555000  18.999919
17.565000  19.000069
17.575000  19.000150
17.585000  19.000109
17.595000  19.000076
17.605000  19.000141
17.615000  19.000167
17.625000  19.000031
17.635000  18.999817
17.645000  18.999862
17.655000  19.000038
17.665000  19.000076
17.675000  19.000186
17.685000  19.000165
17.695000  19.000117
17.705000  18.999734
17.715000  18.999779
17.725000  18.999638
17.735000  19.000018
17.745000  19.000170
17.755000  18.999973
17.765000  18.999957
17.775000  19.000189
17.785000  18.999886
17.795000  18.999860
17.805000  19.000047
17.815000  19.000172
17.825000  19.000413
17.835000  18.999920
17.845000  19.000065
17.855000  18.999880
17.865000  19.000065
17.875000  19.000298
17.885000  19.000550
17.895000  19.000404
17.905000  19.000276
17.915000  18.999747
17.925000  18.999605
17.935000  18.999836
17.945000  18.999840
17.955000  18.999953
17.965000  19.000178
17.975000  18.999965
17.985000  18.999893
17.995000  18.999958
18.005000  19.000118
18.015000  19.000457
18.025000  19.000392
18.035000  19.000464
18.045000  19.000460
18.055000  18.999783
18.065000  18.999775
18.075000  19.000115
18.085000  19.000054
18.095000  18.999963
18.105000  19.000063
18.115000  18.999943
18.125000  19.000064
18.135000  18.999943
18.145000  19.000120
18.155000  19.000446
18.165000  19.000391
18.175000  19.000241
18.185000  19.000244
18.195000  18.999836
18.205000  18.999978
18.215000  19.000032
18.225000  18.999981
18.235000  19.000164
18.245000  19.000100
18.255000  19.000008
18.265000  18.999731
18.275000  18.999873
18.285000  18.999882
18.295000  18.999563
18.305000  19.000092
18.315000  18.999801
18.325000  18.999847
18.335000  18.999824
18.345000  18.999822
18.355000  18.999786
18.365000  18.999917
18.375000  18.999601
18.385000  18.999926
18.395000  18.999861
18.405000  18.999694
18.415000  18.999367
18.425000  18.999670
18.435000  18.999567
18.445000  18.999786
18.455000  18.999632
18.465000  18.999606
18.475000  18.999719
18.485000  18.999842
18.495000  18.999633
18.505000  18.999788
18.515000  18.999832
18.525000  18.999976
18.535000  18.999583
18.545000  18.999596
18.555000  18.999642
18.565000  18.999601
18.575000  18.999820
18.585000  18.999626
18.595000  18.999835
18.605000  18.999691
18.615000  18.998984
18.625000  18.999271
18.635000  18.999342
18.645000  18.999646
18.655000  18.999807
18.665000  18.999590
18.675000  18.999210
18.685000  18.999388
18.695000  18.999270
18.705000  18.999629
18.715000  18.999632
18.725000  18.999617
18.735000  18.999747
18.745000  18.999987
18.755000  18.999730
18.765000  18.999860
18.775000  18.999550
18.785000  18.999766
18.795000  18.999766
18.805000  18.999730
18.815000  18.999401
18.825000  18.999453
18.835000  18.999149
18.845000  18.999367
18.855000  18.999426
18.865000  18.999225
18.875000  18.999401
18.885000  18.999585
18.895000  18.999306
18.905000  18.999528
18.915000  18.999551
18.925000  18.999612
18.935000  18.999609
18.945000  18.999553
18.955000  18.999528
18.965000  18.999387
18.975000  18.999170
18.985000  18.999315
18.995000  18.999378
19.005000  18.999470
19.015000  18.999776
19.025000  18.999538
19.035000  18.999243
19.045000  18.999494
19.055000  18.999622
19.065000  18.999638
19.075000  18.999645
19.085000  18.999544
19.095000  18.999665
19.105000  18.999587
19.115000  18.999667
19.125000  18.999501
19.135000  18.999415
19.145000  18.999572
19.155000  18.999503
19.165000  18.999153
19.175000  18.999223
19.185000  18.999255
19.195000  18.999369
19.205000  18.999581
19.215000  18.999584
19.225000  18.999734
19.235000  18.999478
19.245000  18.999581
19.255000  18.999536
19.265000  18.999518
19.275000  18.999811
19.285000  18.999783
19.295000  18.999536
19.305000  18.999711
19.315000  18.999521
19.325000  18.999387
19.335000  18.999558
19.345000  18.999612
19.355000  18.999775
19.365000  18.999798
19.375000  18.999478
19.385000  18.999431
19.395000  18.999461
19.405000  18.999752
19.415000  18.999789
19.425000  18.999873
19.435000  18.999782
19.445000  18.999606
19.455000  18.999452
19.465000  18.999309
19.475000  18.999202
19.485000  18.999723
19.495000  18.999623
19.505000  18.999520
19.515000  18.999604
19.525000  18.999366
19.535000  18.999475
19.545000  18.999521
19.555000  18.999261
19.565000  18.999394
19.575000  18.999383
19.585000  18.999148
19.595000  18.999489
19.605000  18.999446
19.615000  18.999272
19.625000  18.999548
19.635000  18.999676
19.645000  18.999596
19.655000  18.999382
19.665000  18.999071
19.675000  18.999402
19.685000  18.999635
19.695000  18.999645
19.705000  18.999763
19.715000  18.999810
19.725000  18.999671
19.735000  18.999557
19.745000  18.999514
19.755000  18.999350
19.765000  18.999814
19.775000  18.999840
19.785000  19.000026
19.795000  18.999874
19.805000  18.999615
19.815000  18.999653
19.825000  18.999761
19.835000  18.999720
19.845000  18.999712
19.855000  18.999638
19.865000  18.999430
19.875000  18.999267
19.885000  18.999428
19.895000  18.999468
19.905000  18.999608
19.915000  18.999825
19.925000  18.999939
19.935000  18.999581
19.945000  18.999512
19.955000  18.999492
19.965000  18.999310
19.975000  18.999479
19.985000  18.999518
19.995000  18.999369
20.005000  18.999351